0
1 -30
2 500 -2
3 -2 -10000 200
5 17 17 17 17 17
6 1 2 3 4 5 6
8 70 60 50 40 30 20 10 0
9 6128 3896 9080 3891 9586 7577 2208 7041 1165
10 988 6221 5154 6340 9579 5133 4949 2352 2361 9679
100 -53 -97 -95 -41 13 83 98 42 75 -52 45 58 -96 23 -71 80 12 10 9 60 48 -1 61 65 93 37 94 -80 -2 27 74 -89 68 -81 35 29 -68 -30 -56 63 84 28 -38 5 -7 -4 99 18 3 -32 14 32 1 -54 17 46 40 91 92 69 77 19 88 26 81 6 39 -33 36 -55 -22 0 -87 -29 64 -39 43 -3 -35 -93 -25 -65 33 -42 -44 -12 -100 -34 -26 -94 -9 15 22 2 -45 79 11 -27 -51 100
30 -51 -10 -16 -83 -3 -12 -62 -65 -67 -33 -77 -26 -89 -63 -69 -19 -75 -87 -74 -18 -79 -70 -99 -81 -5 -82 -92 -13 -14 -66